    0   0       0   0        0   0       0   0        0   0       0   0        0   0       0   0      0   0       0   0 
    0   0       0   0        0   0       0   0        0   0       0   0        0   0       0   0      0   0       0   0 
    0   0       0   0        0   0       0   0        5   5       0   0        0   0       0   0      0   0       0   0 
    0   0       0   0        0   0       5   5       10  10       5   5        0   0       0   0      0   0       0   0 
    0   0       0   0        0   0      10  10       20  20      10  10        0   0       0   0      0   0       0   0 
    0   0       0   0        0   0       5   5       10  10       5   5        0   0       0   0      0   0       0   0 
    0   0       0   0        0   0       0   0        5   5       0   0        0   0       0   0      0   0       0   0 
    0   0       0   0        0   0       0   0        0   0       0   0        0   0       0   0      0   0       0   0 
    0   0       0   0        0   0       0   0        0   0       0   0        0   0       0   0      0   0       0   0 
    0   0       0   0        0   0       0   0        0   0       0   0        0   0       0   0      0   0       0   0 
