 6.240 101.510 -128.830
 6.250 101.510 -128.830
 6.230 101.520 -128.830
 6.230 101.520 -128.830
 6.240 101.520 -128.830
 6.240 101.530 -128.820
 6.230 101.520 -128.830
 6.240 101.520 -128.820
 6.240 101.510 -128.830
 6.240 101.510 -128.840
 6.250 101.510 -128.830
 6.240 101.520 -128.830
 6.240 101.520 -128.820
 6.240 101.520 -128.830
 6.250 101.530 -128.820
 6.240 101.530 -128.810
 6.230 101.550 -128.810
 6.240 101.520 -128.820
 6.240 101.530 -128.810
 6.240 101.520 -128.820
 6.240 101.520 -128.820
 6.230 101.520 -128.820
 6.250 101.530 -128.800
 6.240 101.520 -128.810
 6.240 101.530 -128.800
 5.570 98.090 -129.110
 5.490 98.020 -129.200
 5.430 97.470 -129.380
 4.770 94.990 -129.550
 4.630 94.660 -129.630
 4.620 94.650 -129.630
 3.750 92.130 -129.840
 2.920 89.710 -130.060
 1.250 83.760 -130.960
 0.990 82.920 -131.160
 0.450 80.860 -131.590
 -0.440 76.650 -132.830
 -1.490 72.160 -134.650
 -1.760 69.840 -136.160
 -2.410 66.490 -138.030
 -3.260 62.360 -139.880
 -3.950 57.920 -142.710
 -4.250 55.830 -143.980
 -4.250 55.830 -143.980
 -4.660 53.120 -145.480
 -5.610 46.430 -149.330
 -5.990 43.190 -151.350
 -6.800 36.890 -153.990
 -6.800 36.890 -153.990
 -7.720 27.380 -156.860
 -7.810 26.670 -157.000
 -7.810 26.670 -157.020
 -7.870 26.500 -156.820
 -8.510 15.610 -159.280
 -8.950 7.040 -159.840
 -9.060 3.080 -160.480
 -9.210 -0.650 -160.490
 -9.280 -4.210 -160.590
 -9.360 -7.330 -160.480
 -9.340 -7.320 -160.490
 -9.340 -12.460 -160.460
 -9.260 -17.150 -160.410
 -9.150 -21.380 -159.750
 -8.970 -24.790 -159.650
 -8.710 -28.910 -159.680
 -8.660 -33.720 -159.810
 -8.630 -33.970 -159.870
 -8.630 -34.030 -159.860
 -8.620 -34.080 -159.870
 -7.950 -41.860 -160.020
 -7.780 -46.790 -160.010
 -8.030 -53.220 -161.510
 -8.100 -55.780 -161.890
 -8.230 -58.750 -162.350
 -8.290 -59.970 -162.560
 -8.420 -62.220 -162.900
 -8.570 -65.240 -163.390
 -8.710 -67.730 -163.750
 -8.900 -70.500 -164.120
 -9.040 -72.900 -164.380
 -9.140 -75.240 -164.640
 -9.260 -77.740 -164.920
 -9.250 -77.840 -164.930
 -9.250 -77.840 -164.930
 -9.240 -77.820 -164.920
 -9.250 -77.840 -164.930
 -9.240 -77.840 -164.930
 -9.240 -77.860 -164.940
 -9.250 -77.840 -164.930
 -9.250 -77.850 -164.930
 -9.250 -77.840 -164.930
 -9.250 -77.840 -164.940
 -9.250 -77.840 -164.930
 -9.250 -77.850 -164.940
 -9.250 -77.840 -164.930
 -9.250 -77.850 -164.940
 -9.250 -77.850 -164.940
 -9.250 -77.850 -164.930
 -9.250 -77.840 -164.930
